6508.758912   18.1653   0.03004460517297573
6508.7618   18.217000000000002   0.05005329459685946
6509.642303   18.417800000000003   0.025035622620578065
6509.645369   18.445100000000004   0.042051305568317376
6517.672152   17.8304   0.04207099119345776
6517.67504   18.0929   0.08607434170529565
6520.604249   18.1683   0.04504351562655828
6520.607152   18.0666   0.055066889325619255
6531.730586   18.0341   0.04505106325049388
6531.733487   18.0397   0.0610771831374041
6532.584187   18.404300000000003   0.03503824053801789
6532.587093   18.4736   0.06004824976633374
6533.702893   18.149100000000004   0.03403936397760687
6533.705792   18.169300000000003   0.05205566539772592
6543.679106   18.2279   0.029044591579156353
6543.68201   18.1738   0.04805894609747492
6544.688453   18.186899999999998   0.051049488733972644
6544.691368   18.3061   0.08005946664823592
6554.634129   18.386799999999997   0.08304390585708261
6554.63702   18.264999999999997   0.11007166892529612
6557.618522   17.8415   0.0980994510688006
6557.62145   18.0734   0.1331036370652583
6559.642466   17.960500000000003   0.035056387435102324
6559.645377   18.081   0.055068796064559104
6562.608988   18.109400000000004   0.03204182110929402
6562.611924   18.000300000000003   0.04107228140729463
6565.607702   18.1225   0.029044591579156353
6565.61062   18.2773   0.04805894609747492
6568.602943   17.863700000000005   0.02705583670855514
6568.605854   17.888   0.03707819170347982
6569.606797   18.118600000000004   0.033049633886020585
6569.609709   18.177300000000002   0.056057847800285734
6573.59653   17.943500000000004   0.035056387435102324
6573.599407   17.854500000000005   0.06711892430604055
6574.617122   17.9716   0.03205118250548644
6574.619995   18.026300000000003   0.045066864767809175
6578.571552   18.2705   0.07104604352108568
6578.57448   18.452399999999997   0.11005695025758255
6580.584124   18.171   0.06605429811904749
6580.58704   18.2346   0.10506894070085603
6583.575798   17.9708   0.05706505322874938
6583.5787   18.0615   0.0890927505468318
6594.540692   17.993199999999998   0.03905020230421348
6594.543573   18.113999999999997   0.05706559646582168
6599.524952   18.209600000000002   0.037040765380861124
6599.527832   18.154400000000006   0.051063512413464074
6600.54072   18.118900000000007   0.031045584227068428
6600.543595   18.1819   0.05205566539772592
6602.518884   18.1602   0.05204671267236769
6602.521756   18.3402   0.07405256443905234
6605.513333   17.989300000000004   0.08708399565936327
6605.516206   17.898   0.09111842952992551
6608.508774   17.982799999999997   0.051061240682145584
6608.511645   18.023300000000003   0.06508592935496889
6611.511932   18.1198   0.0890721746675133
6611.5148   17.9735   0.10111772396568271
6614.51129   17.961300000000005   0.12312452314628472
6748.829236   17.623199999999997   0.04309545567690403
6748.83216   17.9478   0.07707893551418572
6753.899079   17.8293   0.061105304188752714
6753.902003   17.777400000000004   0.1021643284126118
6756.901469   17.877499999999998   0.02006036639745147
6756.904375   17.859099999999998   0.027085647490876046
6760.86437   18.0682   0.034043476614470505
6760.867279   18.113200000000003   0.029077522246573898
6763.913494   18.380200000000002   0.05403656447258652
6763.916383   18.328500000000005   0.0720569094535701
6767.908303   18.2305   0.055043058599609083
6767.911208   18.144299999999998   0.07207234074178526
6770.736099   18.3672   0.07804147807416259
6770.739005   18.4302   0.10505521500620518
6777.8853   18.2217   0.04504440364795609
6777.888172   18.2481   0.0670569332731523
6781.889594   17.965700000000002   0.03005512102787144
6781.892469   17.924599999999998   0.04507407569767793
6786.699959   18.1203   0.05704487970010981
6786.70283   18.145200000000003   0.07407079248934764
6790.840281   18.0264   0.05505740912901732
6790.843155   17.952199999999998   0.06709000074526755
6791.866427   18.1662   0.07205525865611752
6791.8693   18.343799999999998   0.10906735625291372
6794.893077   17.9745   0.06107094481011408
6794.895947   18.154999999999998   0.10308757539102371
6799.905341   17.7423   0.046079369570340256
6799.908188   17.832900000000002   0.06808973711213755
6802.738997   17.9715   0.03805454374972849
6802.741841   18.085199999999997   0.0630593553725377
6805.798834   18.1548   0.03004460517297573
6805.801675   18.097500000000004   0.0410633936736846
6809.806691   18.067500000000003   0.02604972744579106
6809.809533   18.138800000000003   0.0410633936736846
6823.834448   18.3366   0.12705952266556017
6827.59163   18.186799999999998   0.037044706774382756
6827.594474   18.2023   0.053066073907912195
6828.923288   18.164500000000004   0.09106713073332222
6828.926132   18.036500000000004   0.06609708087351514
6831.741244   18.0811   0.02504831930489549
6831.744092   18.1251   0.03606982533919453
6834.765464   18.2469   0.05004146580586944
6834.768306   18.1856   0.06106580303246654
6837.745994   17.907000000000004   0.02205489288117265
6837.748841   17.942   0.031078325244452924
6838.7746   17.963699999999996   0.021057499851596818
6838.777448   18.020100000000003   0.035071816320230695
6841.786243   17.9545   0.025053508736302788
6841.789088   18.08   0.0410633936736846
6846.695633   18.0211   0.038050496711606804
6846.698483   17.6344   0.03910245900196048
6851.850064   17.648   0.12824793994446848
6856.737696   18.0639   0.030049797004306034
6856.740544   18.0581   0.043069505453394746
6859.8576   18.070400000000003   0.04205377866494282
6859.860446   18.352500000000003   0.07705769397016758
6864.813109   18.208900000000003   0.053041873081556994
6864.815956   18.102499999999996   0.0610724831654977